robot:
  name: turtlebot3_openmanipulator_x
  arm_dof: 4
  gripper_dof: 1

arm_joint_limits:
  joint1: [-2.82743, 2.82743]
  joint2: [-1.79071, 1.57080]
  joint3: [-0.942478, 1.38230]
  joint4: [-1.79071, 2.04204]

gripper:
  open: 0.019
  close: -0.010

stay_pose:
  arm: [0.104311, 0.027612, -0.001534, -1.638291]
